# 道の制御点。1行に x y z
# 高さを書いておくと、その高さが道になる(地形がそれに合わせて削れる)
0 0 -599.306
66.4615 9.38402 -571.077
196.923 0 -553.846
219.077 0 -529.231
189.539 0 -519.385
155.077 0 -531.692
120.615 0 -472.615
44.3077 0 -455.385
50.9577 0 -438.095
110.769 0 -450.346
120.615 0 -435.692
86.2994 0 -425.543
67.3898 0 -415.593
48.4803 0 -405.643
7.38464 0 -401.231
14.7692 0 -384
55.16 0 -391.065
83.7923 0 -385.231
107.588 0 -391.059
130.007 0 -396.888
147.692 0 -386.462
135.385 0 -364.308
66.4615 0 -361.846
39.3846 0 -315.077
-27.1735 0 -299.588
-40.6374 0 -252.907
-9.84613 0 -221.538
27.077 0 -228.923
76.3077 0 -265.846
118.154 0 -260.923
115.692 0 -241.231
61.5385 0 -224
22.1539 0 -196.923
-22.1539 0 -201.846
-66.4615 0 -246.154
-91.0769 0 -228.923
-36.9231 0 -157.538
-86.1538 0 -132.923
-73.8462 0 -100.923
-7.38458 0 -71.3846
-51.6923 0 12.3077
-105.846 0 12.3077
-73.8462 0 -44.3077
-125.538 0 -44.3077
-118.154 0 -150.154
-137.846 0 -189.539
-172.308 0 -150.154
-164.923 0 -93.5385
-189.538 0 -88.6154
-196.923 0 -152.615
-221.538 0 -147.692
-211.692 0 -54.1538
-182.154 0 -34.4615
-152.615 0 0
-160 0 64
-110.769 0 56.6154
-49.2308 0 61.5385
-76.3077 0 96
-130.462 0 98.4615
-172.308 0 103.385
-174.769 0 140.308
-137.846 0 137.846
-93.5385 0 142.769
